Naziv	Broj korisnika	Lon	Lat
DSLAM-1	197	15,6368	45,1811
DSLAM-2	245	15,5988	45,174
DSLAM-3	149	15,4383	45,2341
DSLAM-4	302	15,0328	45,024
DSLAM-5	255	15,7905	44,9735
DSLAM-6	79	15,1468	45,4053
DSLAM-7	281	15,3083	45,3184
DSLAM-8	255	15,2204	45,1666
DSLAM-9	272	15,2552	45,1526
DSLAM-10	228	15,4018	45,0627
DSLAM-11	167	15,6019	44,985
DSLAM-12	244	15,2898	45,5135
DSLAM-13	341	15,4226	45,3321
DSLAM-14	166	15,4481	45,3699
DSLAM-15	126	15,6594	45,6999
DSLAM-16	44	14,9799	45,4004
DSLAM-17	358	15,4849	45,5406
DSLAM-18	160	15,4915	45,4483
DSLAM-19	163	15,4561	45,6213
DSLAM-20	314	15,5835	45,5234
DSLAM-21	317	14,9731	45,4276
DSLAM-22	359	15,6501	45,5095
DSLAM-23	152	15,1145	45,1053
DSLAM-24	339	15,5474	45,4145
DSLAM-25	376	15,395	45,4397
DSLAM-26	160	15,5454	45,1056
DSLAM-27	300	15,5888	45,3676
DSLAM-28	283	15,8329	45,4433
DSLAM-29	388	15,6831	45,2829
DSLAM-30	154	15,2286	45,4456
DSLAM-31	195	16,5383	46,3032
DSLAM-32	178	16,8621	46,1404
DSLAM-33	104	16,5867	45,9185
DSLAM-34	198	16,6805	46,1758
DSLAM-35	263	16,7786	45,7766
DSLAM-36	358	16,5442	46,1661
DSLAM-37	241	16,823	46,3012
DSLAM-38	371	17,0273	46,0596
DSLAM-39	168	17,155	46,0826
DSLAM-40	163	16,5092	46,1254
DSLAM-41	80	16,716	46,1425
DSLAM-42	241	16,6577	46,2789
DSLAM-43	260	17,119	46,0153
DSLAM-44	141	16,3859	46,1808
DSLAM-45	253	16,9188	46,1315
DSLAM-46	398	17,0542	46,0298
DSLAM-47	359	17,0835	46,2506
DSLAM-48	297	16,8156	46,0782
DSLAM-49	371	17,0126	45,963
DSLAM-50	164	16,382	46,3051
DSLAM-51	131	16,8369	46,3543
DSLAM-52	147	16,6351	46,032
DSLAM-53	231	17,0395	45,8394
DSLAM-54	160	16,9865	45,9753
DSLAM-55	92	16,9291	46,2966
DSLAM-56	271	16,6548	46,1573
DSLAM-57	112	16,6124	46,0153
DSLAM-58	130	16,4748	46,1511
DSLAM-59	151	17,0461	45,7681
DSLAM-60	306	16,545	46,1817
DSLAM-61	224	16,7127	46,3265
DSLAM-62	101	16,6618	46,0949
DSLAM-63	325	16,757	45,9365
DSLAM-64	308	17,0517	46,4953
DSLAM-65	185	16,7514	46,0594
DSLAM-66	219	16,8301	46,1296
DSLAM-67	236	16,9865	46,0732
DSLAM-68	180	17,0065	46,1943
DSLAM-69	391	16,9042	46,2215
DSLAM-70	395	17,0821	46,1355
DSLAM-71	160	16,9779	46,1846
DSLAM-72	96	16,6402	45,891
DSLAM-73	150	16,7982	46,0312
DSLAM-74	389	15,7134	45,5608
DSLAM-75	323	15,2326	45,2452
DSLAM-76	186	15,5848	45,3666
DSLAM-77	152	15,7855	45,1224
DSLAM-78	258	15,3995	45,5733
DSLAM-79	69	15,6088	45,2584
DSLAM-80	67	16,0553	45,6027
DSLAM-81	219	15,6361	45,3175
DSLAM-82	386	15,5339	45,6524
DSLAM-83	244	15,5076	45,5303
DSLAM-84	99	15,5072	45,6107
DSLAM-85	348	15,6562	45,3118
DSLAM-86	115	15,3166	45,6142
DSLAM-87	212	15,7568	45,1022
DSLAM-88	265	15,2495	45,163
DSLAM-89	326	15,5268	45,3681
DSLAM-90	218	15,3415	45,5019
DSLAM-91	364	15,5463	45,633
DSLAM-92	83	15,4339	45,6729
DSLAM-93	162	15,5655	45,3343
DSLAM-94	138	15,4313	45,5204
DSLAM-95	356	15,105	45,3662
DSLAM-96	135	15,7468	45,4319
DSLAM-97	350	15,5451	45,5897
DSLAM-98	256	15,2169	45,0613
DSLAM-99	320	15,5017	45,0228
DSLAM-100	262	15,4635	45,7575
DSLAM-101	195	15,2246	45,215
DSLAM-102	161	15,573	45,5925
DSLAM-103	62	15,4231	45,2821
DSLAM-104	108	15,2351	45,2922
DSLAM-105	183	15,389	45,5306
DSLAM-106	276	15,5756	45,0554
DSLAM-107	242	15,3142	45,2262
DSLAM-108	110	15,8446	45,4971
DSLAM-109	356	15,3614	45,7755
DSLAM-110	142	15,1275	45,3377
DSLAM-111	108	15,5083	44,7943
DSLAM-112	65	15,6031	45,2357
DSLAM-113	290	15,5658	45,517
DSLAM-114	308	15,6699	45,0203
DSLAM-115	185	15,7836	45,4001
DSLAM-116	111	15,4976	45,1246
DSLAM-117	299	15,7654	45,5467
DSLAM-118	378	15,325	45,3621
DSLAM-119	285	15,4677	45,2862
DSLAM-120	274	15,5654	45,6504
DSLAM-121	104	15,506	45,3042
DSLAM-122	395	15,5304	45,0096
DSLAM-123	139	14,3219	45,5437
DSLAM-124	40	15,0794	45,3797
DSLAM-125	225	14,5111	44,4718
DSLAM-126	209	14,381	45,2517
DSLAM-127	113	14,6146	44,9294
DSLAM-128	164	14,7563	45,2816
DSLAM-129	400	14,5129	45,1741
DSLAM-130	173	14,4108	44,8916
DSLAM-131	314	14,2571	45,4383
DSLAM-132	384	14,5054	45,503
DSLAM-133	172	14,2199	45,315
DSLAM-134	169	14,4631	45,2927
DSLAM-135	163	14,2682	45,1415
DSLAM-136	249	14,4945	45,4055
DSLAM-137	335	14,3344	45,304
DSLAM-138	243	14,4939	45,3847
DSLAM-139	48	14,5169	45,0449
DSLAM-140	360	15,1636	45,3132
DSLAM-141	301	14,2072	45,1452
DSLAM-142	83	14,8168	45,3187
DSLAM-143	183	14,5376	45,4017
DSLAM-144	93	14,2507	45,2866
DSLAM-145	139	14,2728	44,5981
DSLAM-146	48	14,5103	45,0396
DSLAM-147	159	14,2982	45,4115
DSLAM-148	252	14,8211	45,5498
DSLAM-149	297	14,4193	45,2395
DSLAM-150	395	14,9875	45,2916
DSLAM-151	107	14,7394	44,7274
DSLAM-152	140	14,4883	44,4791
DSLAM-153	61	14,3294	45,3598
DSLAM-154	274	14,4872	45,2081
DSLAM-155	221	14,6318	45,1132
DSLAM-156	114	14,4766	45,3012
DSLAM-157	47	16,7612	46,1704
DSLAM-158	350	17,1952	46,1024
DSLAM-159	166	17,3045	46,0137
DSLAM-160	275	16,5392	46,2769
DSLAM-161	184	16,8214	46,0809
DSLAM-162	150	17,2402	45,9538
DSLAM-163	352	17,1291	46,157
DSLAM-164	98	16,7935	46,2065
DSLAM-165	361	16,5891	46,0568
DSLAM-166	172	16,6656	46,0873
DSLAM-167	286	16,7982	46,1014
DSLAM-168	270	16,8525	46,0951
DSLAM-169	261	16,4643	45,9275
DSLAM-170	273	16,8015	45,9888
DSLAM-171	120	16,5093	46,1372
DSLAM-172	279	14,8121	45,1251
DSLAM-173	77	14,8589	45,2891
DSLAM-174	187	14,7223	44,8658
DSLAM-175	260	14,2818	45,181
DSLAM-176	396	14,2148	45,3976
DSLAM-177	105	14,6834	45,2625
DSLAM-178	291	14,8703	45,3947
DSLAM-179	216	14,8225	45,4491
DSLAM-180	320	14,4903	45,4652
DSLAM-181	102	14,57	45,1435
DSLAM-182	215	14,3485	45,3307
DSLAM-183	87	14,4038	45,4141
DSLAM-184	323	14,527	45,496
DSLAM-185	168	14,471	45,2116
DSLAM-186	390	14,578	45,1818
DSLAM-187	119	14,4584	45,0193
DSLAM-188	59	14,684	44,947
DSLAM-189	41	14,4526	45,1668
DSLAM-190	194	14,5196	44,929
DSLAM-191	359	14,979	45,1756
DSLAM-192	169	14,5675	45,431
DSLAM-193	116	14,2854	45,5423
DSLAM-194	358	14,5078	45,2875
DSLAM-195	140	14,499	45,1881
DSLAM-196	225	15,023	45,4029
DSLAM-197	392	14,8922	45,3031
DSLAM-198	143	14,9199	45,1868
DSLAM-199	54	15,0887	45,4234
DSLAM-200	264	14,3644	45,2321
DSLAM-201	308	14,6606	45,2146
DSLAM-202	201	14,6906	44,9444
DSLAM-203	370	14,3387	45,2085
DSLAM-204	341	14,7507	45,661
DSLAM-205	251	14,3565	45,3463
DSLAM-206	166	14,3832	45,0188
DSLAM-207	400	14,5752	45,2728
DSLAM-208	113	14,8696	44,9783
DSLAM-209	149	14,5493	45,1675
DSLAM-210	279	14,2689	44,8824
DSLAM-211	46	14,1348	45,1764
DSLAM-212	66	14,4659	45,8104
DSLAM-213	198	14,5792	45,2157
DSLAM-214	232	14,6196	45,0222
DSLAM-215	316	14,3611	44,6606
DSLAM-216	292	14,637	44,9465
DSLAM-217	120	14,872	45,3763
DSLAM-218	257	14,7349	44,9407
DSLAM-219	150	14,6485	45,435
DSLAM-220	78	15,0325	45,495
DSLAM-221	65	14,2426	45,5407
DSLAM-222	177	14,1112	45,5992
DSLAM-223	241	14,4278	45,5495
DSLAM-224	393	14,576	45,2538
DSLAM-225	300	15,1539	45,3441
DSLAM-226	118	15,0828	45,6065
DSLAM-227	272	14,781	45,1046
DSLAM-228	321	15,0223	45,3215
DSLAM-229	266	14,7331	44,9713
DSLAM-230	371	14,5598	45,1861
DSLAM-231	276	14,2578	45,4324
DSLAM-232	134	14,3392	45,2882
DSLAM-233	249	14,8846	44,8047
DSLAM-234	191	14,9162	45,2598
DSLAM-235	115	16,0141	45,907
DSLAM-236	94	15,912	46,1082
DSLAM-237	360	15,753	46,0033
DSLAM-238	74	15,7303	46,2544
DSLAM-239	356	15,8834	45,8984
DSLAM-240	78	14,5383	45,4273
DSLAM-241	383	14,4861	45,2652
DSLAM-242	315	14,5097	45,3114
DSLAM-243	250	14,4566	45,5058
DSLAM-244	397	14,5834	45,3392
DSLAM-245	283	14,3884	44,5904
DSLAM-246	52	14,3138	45,2469
DSLAM-247	382	14,288	44,7188
DSLAM-248	395	14,4423	45,1374
DSLAM-249	144	14,1453	45,2972
DSLAM-250	110	14,3676	44,6266
DSLAM-251	148	14,9845	45,1907
DSLAM-252	246	14,6491	45,1712
DSLAM-253	306	14,4267	45,3818
DSLAM-254	365	14,1968	45,4924
DSLAM-255	57	14,2919	45,3889
DSLAM-256	104	14,2711	44,9254
DSLAM-257	143	15,0153	45,4538
DSLAM-258	338	14,4888	45,1605
DSLAM-259	340	14,6615	45,7642
DSLAM-260	324	14,3667	45,4518
DSLAM-261	218	14,3032	45,1638
DSLAM-262	370	14,2158	45,4745
DSLAM-263	397	14,642	45,1602
DSLAM-264	92	14,7407	45,3988
DSLAM-265	203	14,8973	45,2796
DSLAM-266	371	14,5711	45,5327
DSLAM-267	312	15,0498	45,1954
DSLAM-268	101	14,3104	45,3094
DSLAM-269	137	14,8034	45,224
DSLAM-270	351	14,8418	45,3704
DSLAM-271	374	14,9857	45,3829
DSLAM-272	50	14,372	45,2073
DSLAM-273	393	14,4888	45,3836
DSLAM-274	94	14,5651	44,9459
DSLAM-275	231	14,7426	45,0826
DSLAM-276	45	14,8719	45,3616
DSLAM-277	282	14,8612	45,2664
DSLAM-278	395	14,3002	45,2407
DSLAM-279	130	14,5984	45,196
DSLAM-280	326	14,763	45,1427
DSLAM-281	331	14,3736	45,2568
DSLAM-282	361	14,741	45,245
DSLAM-283	222	14,6781	45,0861
DSLAM-284	397	14,3229	45,3139
DSLAM-285	137	15,0719	45,12
DSLAM-286	97	14,6175	45,0433
DSLAM-287	298	14,3809	45,2679
DSLAM-288	219	14,5955	45,384
DSLAM-289	195	14,3596	45,5527
DSLAM-290	192	14,8742	45,1966
DSLAM-291	169	14,5503	45,3293
DSLAM-292	126	15,1064	45,4941
DSLAM-293	260	14,5334	44,7599
DSLAM-294	375	14,2577	45,1985
DSLAM-295	82	14,4272	45,4178
DSLAM-296	209	14,6571	45,5603
DSLAM-297	222	14,9065	45,0922
DSLAM-298	361	14,3719	45,4634
DSLAM-299	175	15,8297	46,1661
DSLAM-300	76	16,249	45,9533
DSLAM-301	286	16,0668	46,0605
DSLAM-302	190	15,7277	46,0931
DSLAM-303	170	15,8994	46,0829
DSLAM-304	196	14,4438	44,5619
DSLAM-305	126	14,3925	44,9691
DSLAM-306	89	14,7205	45,2708
DSLAM-307	340	14,4889	45,3897
DSLAM-308	399	14,6681	44,8499
DSLAM-309	233	14,9014	45,1971
DSLAM-310	320	14,7003	45,1224
DSLAM-311	336	14,4632	44,8196
DSLAM-312	265	14,2007	45,2717
DSLAM-313	172	14,2488	45,4541
DSLAM-314	388	14,3131	45,3379
DSLAM-315	110	14,7971	45,1777
DSLAM-316	130	15,2413	45,4281
DSLAM-317	221	14,4988	45,2725
DSLAM-318	319	13,652	45,0496
DSLAM-319	82	13,9151	44,9335
DSLAM-320	214	14,0974	44,8655
DSLAM-321	258	13,6383	45,4323
DSLAM-322	330	13,7392	44,7073
DSLAM-323	322	13,7497	44,9408
DSLAM-324	319	13,7049	45,298
DSLAM-325	399	13,8473	45,3748
DSLAM-326	204	13,8872	45,4799
DSLAM-327	373	13,6778	44,9851
DSLAM-328	42	14,316	45,3077
DSLAM-329	304	14,1096	45,2655
DSLAM-330	257	13,7118	45,0766
DSLAM-331	249	13,4463	45,2245
DSLAM-332	314	14,0527	44,9238
DSLAM-333	180	13,9823	45,1268
DSLAM-334	117	13,9711	45,0416
DSLAM-335	344	13,7314	45,0317
DSLAM-336	223	14,1265	44,9355
DSLAM-337	335	13,6657	44,8155
DSLAM-338	221	13,9958	45,5788
DSLAM-339	103	14,2671	45,1896
DSLAM-340	270	13,6681	45,1113
DSLAM-341	263	13,9716	45,223
DSLAM-342	184	13,5698	45,2848
DSLAM-343	208	14,8443	44,7377
DSLAM-344	284	15,5927	44,738
DSLAM-345	222	15,3147	44,8575
DSLAM-346	155	15,2173	44,2
DSLAM-347	267	15,3601	44,4839
DSLAM-348	362	15,6272	44,3844
DSLAM-349	100	15,7026	44,5787
DSLAM-350	191	15,4939	44,7511
DSLAM-351	53	15,0382	44,8382
DSLAM-352	150	15,4678	44,3161
DSLAM-353	162	15,0268	44,9571
DSLAM-354	65	15,1826	44,5911
DSLAM-355	194	14,9357	44,5471
DSLAM-356	179	14,9057	44,8173
DSLAM-357	189	15,2866	45,0413
DSLAM-358	263	15,0518	44,8408
DSLAM-359	361	15,018	44,6876
DSLAM-360	377	15,8715	44,5698
DSLAM-361	56	15,7394	45,0626
DSLAM-362	255	15,2872	44,9661
DSLAM-363	292	15,6639	44,564
DSLAM-364	188	14,6976	44,529
DSLAM-365	355	14,9682	44,6582
DSLAM-366	124	15,5183	44,6836
DSLAM-367	138	14,7458	45,2309
DSLAM-368	60	14,7708	45,6417
DSLAM-369	282	14,5133	45,6033
DSLAM-370	62	14,6825	44,5277
DSLAM-371	236	14,2129	45,2805
DSLAM-372	241	14,1668	45,0572
DSLAM-373	250	13,6514	45,3632
DSLAM-374	339	13,7787	44,6758
DSLAM-375	322	13,8627	45,0538
DSLAM-376	137	14,065	45,0517
DSLAM-377	68	13,9188	45,1007
DSLAM-378	146	14,197	45,1409
DSLAM-379	121	13,6676	45,2374
DSLAM-380	260	13,6744	45,2016
DSLAM-381	212	13,7191	45,1828
DSLAM-382	240	14,0132	45,1604
DSLAM-383	309	13,6996	45,1845
DSLAM-384	132	13,7854	45,3936
DSLAM-385	247	14,0808	45,1404
DSLAM-386	343	13,5066	45,3004
DSLAM-387	347	13,9617	44,8184
DSLAM-388	240	13,768	45,0866
DSLAM-389	271	13,4525	45,5027
DSLAM-390	182	14,1393	45,0984
DSLAM-391	132	13,5325	45,2966
DSLAM-392	171	14,0331	45,0272
DSLAM-393	271	14,1447	45,1147
DSLAM-394	234	13,672	44,855
DSLAM-395	344	13,7472	45,0649
DSLAM-396	390	13,6363	45,0514
DSLAM-397	227	13,9652	44,9979
DSLAM-398	258	13,8644	45,4222
DSLAM-399	259	13,8813	45,1101
DSLAM-400	333	14,091	45,4305
DSLAM-401	109	13,8512	45,4469
DSLAM-402	261	13,8639	45,2798
DSLAM-403	282	13,8866	45,2118
DSLAM-404	77	14,6473	44,6631
DSLAM-405	86	14,1664	45,3148
DSLAM-406	364	14,4076	45,3677
DSLAM-407	71	14,2248	45,1893
DSLAM-408	349	14,8156	45,3971
DSLAM-409	174	14,7701	44,9763
DSLAM-410	44	14,8751	45,2596
DSLAM-411	233	14,4691	44,897
DSLAM-412	104	14,5452	45,1429
DSLAM-413	96	14,3554	45,2039
DSLAM-414	322	14,3817	45,3878
DSLAM-415	157	14,6911	45,3476
DSLAM-416	378	14,6288	45,0515
DSLAM-417	77	14,3524	45,5728
DSLAM-418	224	14,3869	45,3668
DSLAM-419	96	14,5625	45,2717
DSLAM-420	310	14,697	45,1842
DSLAM-421	288	14,2488	44,7072
DSLAM-422	164	14,3441	45,2304
DSLAM-423	62	14,8081	45,6917
DSLAM-424	205	14,5508	45,5319
DSLAM-425	54	14,2628	44,5407
DSLAM-426	293	13,4373	45,6668
DSLAM-427	351	13,7956	45,3727
DSLAM-428	101	13,8381	45,0711
DSLAM-429	82	13,7439	44,7545
DSLAM-430	47	13,8066	44,984
DSLAM-431	45	13,7183	44,9538
DSLAM-432	224	13,7586	45,0379
DSLAM-433	332	13,3311	45,3294
DSLAM-434	216	13,9634	45,0079
DSLAM-435	370	14,1749	45,4004
DSLAM-436	99	13,5441	44,9738
DSLAM-437	239	14,1779	45,2403
DSLAM-438	191	13,5772	44,7847
DSLAM-439	361	13,9096	44,9352
DSLAM-440	325	13,5857	45,3302
DSLAM-441	220	13,7717	45,3489
DSLAM-442	124	13,9743	45,3836
DSLAM-443	361	13,9798	45,0188
DSLAM-444	262	13,9121	45,2442
DSLAM-445	69	13,8212	45,2291
DSLAM-446	348	14,2997	45,0308
DSLAM-447	74	13,5305	45,2115
DSLAM-448	226	13,5731	45,1684
DSLAM-449	294	14,0236	45,0982
DSLAM-450	228	14,2497	45,3757
DSLAM-451	370	13,6311	45,0969
DSLAM-452	342	13,9106	44,8895
DSLAM-453	346	13,377	45,3993
DSLAM-454	194	14,1075	45,3762
DSLAM-455	95	13,9975	44,8265
DSLAM-456	148	14,1292	45,2961
DSLAM-457	285	14,0444	45,2629
DSLAM-458	71	14,0227	44,8887
DSLAM-459	62	13,7841	44,7407
DSLAM-460	366	14,1759	45,0365
DSLAM-461	360	13,7592	45,1349
DSLAM-462	349	14,3377	45,0185
DSLAM-463	271	14,1583	44,9156
DSLAM-464	297	13,5858	45,2017
DSLAM-465	159	13,8639	45,283
DSLAM-466	307	14,0513	45,2313
DSLAM-467	219	14,9261	44,9695
DSLAM-468	364	14,7883	44,7006
DSLAM-469	319	15,4788	44,6883
DSLAM-470	90	13,6221	45,3354
DSLAM-471	194	13,6796	44,8281
DSLAM-472	77	13,8351	45,2347
DSLAM-473	320	13,9028	45,1031
DSLAM-474	61	13,9721	45,0609
DSLAM-475	243	14,2741	45,1957
DSLAM-476	389	13,8206	45,4888
DSLAM-477	372	13,6532	45,4005
DSLAM-478	371	13,7107	45,2049
DSLAM-479	154	13,9031	44,9505
DSLAM-480	275	13,5445	45,5811
DSLAM-481	333	13,6785	45,3298
DSLAM-482	202	14,0605	45,4601
DSLAM-483	247	14,0106	45,6253
DSLAM-484	323	13,9714	45,166
DSLAM-485	67	14,156	45,3605
DSLAM-486	160	13,8339	45,326
DSLAM-487	255	14,2086	45,1474
DSLAM-488	81	13,8179	45,3662
DSLAM-489	309	13,8001	45,4963
DSLAM-490	238	13,7794	45,4544
DSLAM-491	380	14,2225	45,2557
DSLAM-492	254	13,7901	45,0938
DSLAM-493	60	13,715	45,3381
DSLAM-494	296	14,2614	45,4657
DSLAM-495	128	14,0486	45,3922
DSLAM-496	71	13,9641	45,2355
DSLAM-497	338	13,8202	44,9201
DSLAM-498	317	14,1044	45,0582
DSLAM-499	298	13,7117	45,4143
DSLAM-500	287	14,1009	45,5127
DSLAM-501	173	13,8322	45,1006
DSLAM-502	184	14,1206	44,8908
DSLAM-503	123	13,5839	45,2801
DSLAM-504	51	13,8385	44,9107
DSLAM-505	65	14,1286	45,0037
DSLAM-506	129	13,9108	45,0151
DSLAM-507	150	13,8006	45,355
DSLAM-508	60	13,6889	44,949
DSLAM-509	105	13,9444	45,4227
DSLAM-510	59	13,5347	45,0641
DSLAM-511	278	13,9839	45,3079
DSLAM-512	370	15,2996	44,8422
DSLAM-513	395	15,7346	45,0142
DSLAM-514	62	15,5832	44,6938
DSLAM-515	54	15,6344	44,7919
DSLAM-516	213	14,9489	44,5476
DSLAM-517	330	14,9044	44,6382
DSLAM-518	287	15,038	44,96
DSLAM-519	323	15,1777	45,0132
DSLAM-520	256	15,2939	44,7927
DSLAM-521	203	15,6989	44,9088
DSLAM-522	349	15,3749	44,7543
DSLAM-523	149	14,8621	44,8226
DSLAM-524	326	14,7924	45,0985
DSLAM-525	168	14,9821	45,1444
DSLAM-526	279	15,2652	45,0189
DSLAM-527	160	15,2559	44,5871
DSLAM-528	71	15,3823	44,4872
DSLAM-529	320	15,6497	44,7953
DSLAM-530	245	15,2168	44,9586
DSLAM-531	167	14,9061	44,6403
DSLAM-532	290	15,0844	44,5919
DSLAM-533	207	14,8219	44,8487
DSLAM-534	190	15,4805	44,7937
DSLAM-535	230	14,8357	44,7798
DSLAM-536	173	15,042	44,7288
DSLAM-537	237	15,5502	44,2968
DSLAM-538	116	15,6654	44,6539
DSLAM-539	366	15,7714	44,7659
DSLAM-540	177	15,406	44,8953
DSLAM-541	379	15,1699	44,8461
DSLAM-542	266	15,0094	44,6256
DSLAM-543	260	15,077	44,7052
DSLAM-544	315	14,9798	44,6742
DSLAM-545	389	15,0617	44,8097
DSLAM-546	155	15,0941	45,1107
DSLAM-547	276	15,6602	44,6139
DSLAM-548	383	15,2584	44,9865
DSLAM-549	186	16,8727	45,5173
DSLAM-550	358	16,9246	45,3779
DSLAM-551	285	16,861	45,2136
DSLAM-552	272	16,7379	45,1631
DSLAM-553	233	16,414	45,2939
DSLAM-554	44	16,9309	45,5907
DSLAM-555	129	16,6674	45,3639
DSLAM-556	284	16,2314	45,5114
DSLAM-557	84	16,0243	45,3096
DSLAM-558	143	16,5349	45,4114
DSLAM-559	377	17,0173	45,2995
DSLAM-560	379	16,1169	45,117
DSLAM-561	324	16,6663	45,527
DSLAM-562	154	16,2929	46,607
DSLAM-563	93	16,4923	46,419
DSLAM-564	119	16,4254	46,2917
DSLAM-565	213	16,1539	46,4091
DSLAM-566	139	16,7446	46,5353
DSLAM-567	329	16,5136	46,1886
DSLAM-568	49	16,408	46,4889
DSLAM-569	213	16,3627	46,2094
DSLAM-570	50	16,243	46,5235
DSLAM-571	120	16,3382	46,6345
DSLAM-572	231	16,5739	46,4815
DSLAM-573	296	16,7474	46,4934
DSLAM-574	83	16,7423	46,4351
DSLAM-575	260	16,1877	46,4842
DSLAM-576	263	16,4581	46,6668
DSLAM-577	307	15,2954	45,0073
DSLAM-578	111	15,0707	44,4478
DSLAM-579	353	15,0754	45,0152
DSLAM-580	218	14,9354	44,5322
DSLAM-581	234	15,1984	44,6575
DSLAM-582	394	15,3007	44,9831
DSLAM-583	117	15,6882	44,8415
DSLAM-584	331	15,3092	44,8936
DSLAM-585	64	15,1392	44,8884
DSLAM-586	156	14,9529	44,7046
DSLAM-587	192	14,8121	45,2276
DSLAM-588	76	15,0843	44,9436
DSLAM-589	362	15,1314	44,7374
DSLAM-590	255	15,2104	44,6988
DSLAM-591	318	15,0876	44,9792
DSLAM-592	80	15,4502	44,9491
DSLAM-593	157	15,4016	44,4009
DSLAM-594	301	15,5815	44,5948
DSLAM-595	139	15,3604	44,3544
DSLAM-596	238	15,5435	44,4714
DSLAM-597	184	15,3186	44,8299
DSLAM-598	162	15,5259	45,0301
DSLAM-599	182	15,8395	44,2784
DSLAM-600	230	14,9691	44,7683
DSLAM-601	262	15,2642	44,4688
DSLAM-602	353	14,7429	44,5909
DSLAM-603	180	14,7646	44,6198
DSLAM-604	339	15,1017	44,7363
DSLAM-605	74	14,9549	44,514
DSLAM-606	82	14,7948	44,6514
DSLAM-607	395	15,2839	44,665
DSLAM-608	152	15,9	44,8852
DSLAM-609	210	14,752	44,6195
DSLAM-610	325	14,8928	44,9244
DSLAM-611	143	15,4059	44,9791
DSLAM-612	54	16,1195	46,0954
DSLAM-613	334	16,288	46,2382
DSLAM-614	297	16,4688	46,1201
DSLAM-615	321	16,5861	46,0547
DSLAM-616	272	16,2743	46,4613
DSLAM-617	371	16,3339	46,0251
DSLAM-618	336	16,3447	46,3944
DSLAM-619	275	16,2808	46,3212
DSLAM-620	246	16,0508	46,1527
DSLAM-621	215	16,2201	46,3622
DSLAM-622	270	16,51	45,9944
DSLAM-623	355	16,1586	46,5703
DSLAM-624	198	16,6965	46,202
DSLAM-625	316	16,5621	46,2439
DSLAM-626	76	16,4766	46,1233
DSLAM-627	150	16,9317	46,339
DSLAM-628	253	16,4421	46,3723
DSLAM-629	129	16,4358	46,2384
DSLAM-630	267	16,2862	46,1812
DSLAM-631	146	16,3848	46,3461
DSLAM-632	395	16,4601	46,14
DSLAM-633	61	16,3462	46,3975
DSLAM-634	94	16,4985	45,9923
DSLAM-635	280	16,2377	46,1641
DSLAM-636	82	16,3908	46,1958
DSLAM-637	290	16,4036	45,9504
DSLAM-638	375	16,2345	46,2017
DSLAM-639	87	16,4634	46,288
DSLAM-640	196	16,5432	46,1411
DSLAM-641	166	16,7016	46,1073
DSLAM-642	248	16,5864	46,3628
DSLAM-643	274	16,7283	46,2855
DSLAM-644	135	16,4085	46,5148
DSLAM-645	273	16,5201	46,1475
DSLAM-646	51	16,6349	46,4447
DSLAM-647	41	16,636	46,3233
DSLAM-648	386	16,445	46,1863
DSLAM-649	312	16,4976	46,0578
DSLAM-650	135	16,3751	46,5143
DSLAM-651	62	16,2236	46,4047
DSLAM-652	371	16,3141	46,3692
DSLAM-653	400	16,5138	46,5714
DSLAM-654	221	16,362	46,5659
DSLAM-655	334	16,4698	46,1474
DSLAM-656	246	16,1165	46,1932
DSLAM-657	246	16,2457	46,2531
DSLAM-658	384	16,25	45,8791
DSLAM-659	345	16,7163	46,2119
DSLAM-660	327	16,4321	46,0283
DSLAM-661	77	16,3054	46,1566
DSLAM-662	200	15,7903	46,2237
DSLAM-663	275	16,2502	46,2194
DSLAM-664	213	16,073	46,1334
DSLAM-665	325	16,1694	46,2891
DSLAM-666	327	16,3086	46,0912
DSLAM-667	237	16,6132	46,0865
DSLAM-668	197	16,0953	46,2828
DSLAM-669	176	16,5587	46,0586
DSLAM-670	199	16,6795	46,2768
DSLAM-671	253	16,5574	46,4091
DSLAM-672	109	15,9783	45,8622
DSLAM-673	111	15,7845	46,102
DSLAM-674	149	15,8738	45,8917
DSLAM-675	222	15,9244	46,2673
DSLAM-676	81	15,8894	46,1746
DSLAM-677	352	15,8646	46,2361
DSLAM-678	286	15,7105	46,1301
DSLAM-679	107	15,7929	45,9994
DSLAM-680	210	15,8148	46,1027
DSLAM-681	43	15,8514	46,1935
DSLAM-682	380	16,1341	46,0858
DSLAM-683	362	16,4169	45,5509
DSLAM-684	56	16,2278	45,7213
DSLAM-685	147	16,5138	45,446
DSLAM-686	216	16,0895	45,0935
DSLAM-687	366	16,3657	45,2189
DSLAM-688	179	16,4263	45,3819
DSLAM-689	206	16,3716	45,3077
DSLAM-690	173	16,4182	45,6748
DSLAM-691	381	16,5781	45,3558
DSLAM-692	266	17,1729	45,4509
DSLAM-693	266	16,319	45,9131
DSLAM-694	74	16,6514	46,0579
DSLAM-695	311	17,1276	46,0196
DSLAM-696	66	16,5222	45,9299
DSLAM-697	225	16,8199	46,2334
DSLAM-698	261	17	46,3415
DSLAM-699	185	16,8015	46,0382
DSLAM-700	102	16,8955	46,1848
DSLAM-701	380	16,9569	45,9779
DSLAM-702	377	16,0255	46,2809
DSLAM-703	291	16,0737	46,0232
DSLAM-704	215	15,875	45,8625
DSLAM-705	47	16,174	46,1166
DSLAM-706	337	16,0638	45,9484
DSLAM-707	330	16,0351	46,1889
DSLAM-708	260	15,6273	46,2536
DSLAM-709	247	15,792	46,1604
DSLAM-710	51	15,6489	46,2276
DSLAM-711	242	15,7723	46,1997
DSLAM-712	334	15,819	46,3248
DSLAM-713	369	15,8655	46,3572
DSLAM-714	108	16,0672	46,0855
DSLAM-715	65	15,5276	46,387
DSLAM-716	190	15,8528	46,3014
DSLAM-717	240	15,7237	46,064
DSLAM-718	324	15,7123	46,2268
DSLAM-719	213	15,8073	46,0116
DSLAM-720	183	15,8718	46,2626
DSLAM-721	395	15,5525	46,1765
DSLAM-722	189	15,6912	46,054
DSLAM-723	280	16,2489	46,1939
DSLAM-724	143	15,7308	45,9979
DSLAM-725	379	15,8886	46,1072
DSLAM-726	349	15,7532	46,0009
DSLAM-727	117	16,0821	46,1348
DSLAM-728	81	15,9276	46,0192
DSLAM-729	265	15,9892	46,2712
DSLAM-730	331	16,0578	45,9841
DSLAM-731	331	16,1561	45,8999
DSLAM-732	67	16,1315	46,2804
DSLAM-733	241	15,9199	46,2352
DSLAM-734	76	15,7333	46,3207
DSLAM-735	226	16,6934	43,6407
DSLAM-736	95	16,1831	43,599
DSLAM-737	90	17,1066	43,4958
DSLAM-738	113	16,2389	43,5968
DSLAM-739	90	16,5836	43,4495
DSLAM-740	94	16,8369	43,6472
DSLAM-741	54	17,3836	43,3315
DSLAM-742	122	17,3715	43,1091
DSLAM-743	190	17,171	43,1143
DSLAM-744	247	16,3057	43,6927
DSLAM-745	201	16,6015	43,2213
DSLAM-746	251	17,167	43,2898
DSLAM-747	239	17,3938	43,0461
DSLAM-748	138	16,1779	43,6412
DSLAM-749	60	16,3076	43,4519
DSLAM-750	151	16,7095	43,5396
DSLAM-751	271	16,6823	43,3153
DSLAM-752	44	16,5878	43,7001
DSLAM-753	41	17,4113	43,0994
DSLAM-754	193	16,4167	43,3759
DSLAM-755	112	16,4107	43,3954
DSLAM-756	339	17,4874	43,1027
DSLAM-757	209	16,3419	43,677
DSLAM-758	62	16,7037	43,5938
DSLAM-759	239	16,9838	42,9748
DSLAM-760	41	16,5817	43,6596
DSLAM-761	91	16,8828	43,4816
DSLAM-762	308	17,0983	43,4171
DSLAM-763	65	17,3707	43,1276
DSLAM-764	319	16,3847	43,5895
DSLAM-765	47	16,3487	43,3423
DSLAM-766	157	17,034	43,3672
DSLAM-767	351	16,2799	45,1596
DSLAM-768	212	16,484	45,3642
DSLAM-769	132	16,8152	45,4111
DSLAM-770	114	16,3294	45,6057
DSLAM-771	76	16,7329	45,2954
DSLAM-772	75	16,688	45,7039
DSLAM-773	269	16,1639	45,3502
DSLAM-774	167	15,4817	44,7963
DSLAM-775	319	15,3698	45,8077
DSLAM-776	64	15,366	45,6103
DSLAM-777	41	15,3563	45,6872
DSLAM-778	170	15,5957	45,3989
DSLAM-779	157	15,811	45,5083
DSLAM-780	350	15,5424	45,5519
DSLAM-781	336	15,4998	45,3702
DSLAM-782	337	15,3099	45,568
DSLAM-783	261	15,1081	45,3896
DSLAM-784	41	15,5464	45,4177
DSLAM-785	104	15,3494	45,4487
DSLAM-786	301	15,2753	45,3281
DSLAM-787	156	15,5899	45,4818
DSLAM-788	369	15,5591	45,2407
DSLAM-789	389	15,7964	45,2309
DSLAM-790	385	15,3099	45,2288
DSLAM-791	193	18,4232	42,4986
DSLAM-792	195	16,406	43,6922
DSLAM-793	151	17,0132	43,655
DSLAM-794	317	16,566	43,6091
DSLAM-795	264	17,3946	43,0202
DSLAM-796	237	17,1394	43,1622
DSLAM-797	113	16,5762	43,6961
DSLAM-798	97	16,9831	43,4842
DSLAM-799	338	16,5381	43,5242
DSLAM-800	304	16,785	43,7942
DSLAM-801	366	16,6284	43,5382
DSLAM-802	374	17,0243	43,6044
DSLAM-803	142	17,3164	43,2878
DSLAM-804	64	16,0673	43,7504
DSLAM-805	161	16,4118	43,8184
DSLAM-806	328	17,1634	43,1901
DSLAM-807	211	16,7047	43,405
DSLAM-808	287	16,5595	43,577
DSLAM-809	157	17,0075	43,3576
DSLAM-810	219	16,1672	43,672
DSLAM-811	205	16,7118	43,8621
DSLAM-812	195	16,5012	43,532
DSLAM-813	350	16,5966	43,2744
DSLAM-814	181	16,5145	43,5738
DSLAM-815	396	16,9555	43,4705
DSLAM-816	308	16,8052	43,5269
DSLAM-817	282	16,8568	43,4356
DSLAM-818	366	16,4428	43,8485
DSLAM-819	187	15,9018	45,6142
DSLAM-820	166	15,9364	45,8711
DSLAM-821	126	16,0241	45,8406
DSLAM-822	201	16,6081	45,9251
DSLAM-823	236	15,7806	45,7946
DSLAM-824	106	16,0032	45,9377
DSLAM-825	107	15,8083	45,9865
DSLAM-826	191	16,2935	45,581
DSLAM-827	271	15,6357	45,7292
DSLAM-828	219	16,027	45,8217
DSLAM-829	98	16,0175	45,7411
DSLAM-830	213	16,1211	45,9524
DSLAM-831	261	16,1855	46,0323
DSLAM-832	288	16,172	45,8873
DSLAM-833	318	16,2811	45,6296
DSLAM-834	286	15,5071	45,73
DSLAM-835	240	15,9629	45,9933
DSLAM-836	71	15,8381	45,7339
DSLAM-837	321	16,0047	45,6228
DSLAM-838	267	15,7918	45,8626
DSLAM-839	67	16,5593	45,6361
DSLAM-840	90	16,0153	45,6699
DSLAM-841	218	15,7928	45,4221
DSLAM-842	367	16,1526	45,8246
DSLAM-843	282	16,0363	45,7419
DSLAM-844	352	16,0218	43,5364
DSLAM-845	273	16,0612	43,7632
DSLAM-846	135	16,0694	43,6985
DSLAM-847	107	15,4829	43,7346
DSLAM-848	167	16,3036	43,9751
DSLAM-849	94	15,9605	43,875
DSLAM-850	126	15,3287	44,3458
DSLAM-851	290	15,6869	44,0601
DSLAM-852	176	15,6436	43,9639
DSLAM-853	265	15,4204	43,9973
DSLAM-854	387	15,3781	44,2631
DSLAM-855	292	15,4075	44,012
DSLAM-856	77	15,3312	43,9127
DSLAM-857	68	15,3546	44,0213
DSLAM-858	382	15,0949	44,14
DSLAM-859	323	14,7984	44,0006
DSLAM-860	221	15,1943	44,3159
DSLAM-861	120	15,631	44,278
DSLAM-862	56	15,0977	44,1451
DSLAM-863	90	15,0806	44,1076
DSLAM-864	122	15,3258	44,1905
DSLAM-865	348	15,3727	44,2315
DSLAM-866	250	15,3066	44,4034
DSLAM-867	377	15,4953	43,9614
DSLAM-868	368	15,4601	44,006
DSLAM-869	265	14,7598	44,1843
DSLAM-870	319	15,4025	44,1483
DSLAM-871	365	15,2565	44,2197
DSLAM-872	42	15,9021	44,3575
DSLAM-873	85	14,7864	44,075
DSLAM-874	397	15,3955	44,4109
DSLAM-875	48	15,4262	44,4124
DSLAM-876	350	15,3559	43,865
DSLAM-877	243	15,4392	43,9578
DSLAM-878	217	14,7826	44,4019
DSLAM-879	252	15,0302	44,224
DSLAM-880	334	15,3583	44,0765
DSLAM-881	221	15,4024	44,298
DSLAM-882	275	15,7509	44,3625
DSLAM-883	339	15,7029	44,1888
DSLAM-884	187	15,8693	44,3109
DSLAM-885	238	15,5792	44,1346
DSLAM-886	120	15,2546	44,3216
DSLAM-887	293	15,0804	44,1851
DSLAM-888	211	16,4287	45,6101
DSLAM-889	135	16,2505	45,65
DSLAM-890	116	16,0551	46,0464
DSLAM-891	186	18,1462	42,7571
DSLAM-892	374	18,0077	42,7566
DSLAM-893	98	17,2109	43,0837
DSLAM-894	225	17,4758	43,0699
DSLAM-895	347	17,4936	42,7542
DSLAM-896	234	17,3607	43,1805
DSLAM-897	88	17,6679	42,8342
DSLAM-898	396	16,9467	43,1255
DSLAM-899	377	17,8254	42,7616
DSLAM-900	270	17,5525	43,0725
DSLAM-901	222	16,7255	42,8233
DSLAM-902	215	17,4748	42,8432
DSLAM-903	334	18,2135	42,5517
DSLAM-904	150	17,5978	43,0717
DSLAM-905	92	16,9212	42,8612
DSLAM-906	323	18,1609	42,3857
DSLAM-907	232	17,2488	42,9037
DSLAM-908	189	17,5981	43,1824
DSLAM-909	130	17,5482	43,125
DSLAM-910	183	17,7531	42,8955
DSLAM-911	235	17,4213	42,7463
DSLAM-912	230	18,4765	42,617
DSLAM-913	373	18,2478	42,6027
DSLAM-914	375	17,3323	42,6373
DSLAM-915	260	18,5	42,5907
DSLAM-916	209	18,1281	42,5946
DSLAM-917	321	15,7933	44,0538
DSLAM-918	378	15,7701	43,6772
DSLAM-919	300	15,9981	43,5965
DSLAM-920	51	16,2602	43,7306
DSLAM-921	209	15,7952	43,6918
DSLAM-922	373	15,6507	43,6914
DSLAM-923	269	16,0249	43,9444
DSLAM-924	203	15,9963	43,7792
DSLAM-925	352	15,9701	43,3743
DSLAM-926	183	16,0491	43,511
DSLAM-927	197	16,1683	43,8858
DSLAM-928	240	16,3702	43,9313
DSLAM-929	356	15,8117	43,9395
DSLAM-930	43	15,7337	43,8638
DSLAM-931	195	16,3027	44,3471
DSLAM-932	172	16,0699	43,7313
DSLAM-933	227	16,3071	43,7832
DSLAM-934	262	15,6627	43,8155
DSLAM-935	340	16,5195	43,8826
DSLAM-936	72	16,0605	43,7473
DSLAM-937	255	15,5969	43,8331
DSLAM-938	238	16,2409	43,6669
DSLAM-939	77	15,985	43,7258
DSLAM-940	41	15,9997	43,7495
DSLAM-941	134	15,8278	43,7234
DSLAM-942	63	15,8815	43,8022
DSLAM-943	91	15,7306	43,6047
DSLAM-944	136	15,8557	43,7275
DSLAM-945	335	15,8173	43,621
DSLAM-946	157	15,8258	43,7412
DSLAM-947	195	16,1706	43,6989
DSLAM-948	385	17,2272	43,2316
DSLAM-949	57	16,7217	42,9579
DSLAM-950	240	16,4109	43,6422
DSLAM-951	356	16,5536	43,6
DSLAM-952	247	16,7087	43,3758
DSLAM-953	64	16,6447	43,6833
DSLAM-954	102	16,8071	43,4525
DSLAM-955	60	16,2143	45,9681
DSLAM-956	328	16,5718	45,6174
DSLAM-957	395	16,66	46,0399
DSLAM-958	63	15,8995	45,6316
DSLAM-959	283	16,101	45,8027
DSLAM-960	167	15,8269	45,9607
DSLAM-961	67	15,86	45,7197
DSLAM-962	212	15,9638	45,9046
DSLAM-963	140	15,8899	45,7996
DSLAM-964	301	16,1965	45,6587
DSLAM-965	337	16,0267	45,7325
DSLAM-966	287	16,1886	45,9448
DSLAM-967	370	15,7694	45,6373
DSLAM-968	216	15,8038	43,9334
DSLAM-969	327	16,4651	43,4562
DSLAM-970	89	16,3176	43,4093
DSLAM-971	157	16,1914	43,5283
DSLAM-972	81	16,475	43,5307
DSLAM-973	67	17,2965	43,0529
DSLAM-974	235	16,6012	43,5784
DSLAM-975	72	16,4782	43,6923
DSLAM-976	400	16,6122	43,9731
DSLAM-977	277	16,0234	43,0476
DSLAM-978	320	16,3484	43,4639
DSLAM-979	342	16,3792	43,7915
DSLAM-980	193	16,695	43,5498
DSLAM-981	261	16,5991	43,7476
DSLAM-982	260	16,9245	43,5314
DSLAM-983	344	16,5994	43,615
DSLAM-984	268	16,7457	43,5307
DSLAM-985	364	17,2508	43,4988
DSLAM-1500	89	15,8816	45,7937
DSLAM-1501	69	15,9812	45,7272
DSLAM-1502	137	15,8338	45,5124
DSLAM-1503	132	16,2643	45,987
DSLAM-1504	275	16,4664	46,0925
DSLAM-1505	391	16,3031	45,7337
DSLAM-1506	254	16,6706	45,8668
DSLAM-1507	44	16,0366	45,5742
DSLAM-1508	46	16,2381	45,5871
DSLAM-1509	121	17,5483	42,7591
DSLAM-1510	170	17,7051	42,9709
DSLAM-1511	43	18,1667	42,6681
DSLAM-1512	72	17,7309	43,003
DSLAM-1513	57	18,1139	42,5128
DSLAM-1514	106	17,3647	42,9427
DSLAM-1515	234	17,7275	43,1566
DSLAM-1516	110	17,3208	42,7795
DSLAM-1517	232	18,3093	42,5518
DSLAM-1518	294	16,9814	43,1467
DSLAM-1519	63	17,9894	42,6347
DSLAM-1520	173	16,9646	42,6567
DSLAM-1521	382	17,8727	42,6926
DSLAM-1522	293	18,1634	42,7276
DSLAM-1523	359	18,0207	42,8592
DSLAM-1524	376	17,0119	42,9626
DSLAM-1525	373	17,0985	43,0435
DSLAM-1526	106	17,8433	42,5555
DSLAM-1527	262	18,1872	42,6757
DSLAM-1528	197	17,5545	42,9929
DSLAM-1529	242	17,61	42,9677
DSLAM-1530	45	18,2234	42,6408
DSLAM-1531	318	18,1251	42,5085
DSLAM-1532	50	17,474	43,1347
DSLAM-1533	275	18,5371	42,2967
DSLAM-1534	153	17,72	43,1798
DSLAM-1535	350	17,6308	43,1159
DSLAM-1536	288	17,0219	42,835
DSLAM-1537	85	17,5833	43,0418
DSLAM-1538	252	17,3878	43,2899
DSLAM-1539	290	18,3684	42,7308
DSLAM-1540	210	16,8362	45,4538
DSLAM-1541	74	16,8346	45,4768
DSLAM-1542	87	16,5406	45,3787
DSLAM-1543	181	16,4978	45,7276
DSLAM-1544	313	16,653	45,3377
DSLAM-1545	262	16,2329	45,2671
DSLAM-1546	75	17,0202	45,2274
DSLAM-1547	282	16,1998	45,4481
DSLAM-1548	247	16,3137	45,4987
DSLAM-1549	180	16,4572	45,6583
DSLAM-1550	192	15,6888	45,3758
DSLAM-2090	138	16,8812	43,7253
DSLAM-2091	292	16,477	43,6708
DSLAM-2092	344	16,741	43,1738
DSLAM-2093	125	16,6814	43,0631
DSLAM-2094	135	17,4775	43,0412
DSLAM-2095	352	16,3428	44,0111
DSLAM-2096	130	16,9865	43,6489
DSLAM-2097	198	16,2508	43,4282
DSLAM-2098	171	16,5442	43,8194
DSLAM-2099	290	17,0915	43,5454
DSLAM-2100	201	17,0721	43,2254
DSLAM-2101	84	17,371	43,3119
DSLAM-2102	191	16,6159	43,0572
DSLAM-2103	174	16,7975	43,0702
DSLAM-2104	168	16,7599	43,2461
DSLAM-2105	164	17,0249	43,4416
DSLAM-2106	357	16,3424	43,7067
DSLAM-2107	202	17,2211	43,4498
DSLAM-2108	160	16,7558	43,1136
DSLAM-2109	103	16,982	43,3301
DSLAM-2110	252	16,4586	43,6223
DSLAM-2111	223	16,6566	43,4374
DSLAM-2112	140	17,0255	43,1388
DSLAM-2113	145	16,6497	43,6327
DSLAM-2114	126	16,3761	43,3314
DSLAM-2115	282	16,3124	43,3256
DSLAM-2116	41	15,865	43,9043
DSLAM-2117	371	15,7633	43,6314
DSLAM-2118	344	15,9484	43,6578
DSLAM-2119	154	15,8606	45,6592
DSLAM-2120	342	16,0636	45,5857
DSLAM-2121	388	15,8026	45,9777
DSLAM-2122	95	16,0494	45,8515
DSLAM-2123	86	16,166	45,6927
DSLAM-2124	346	16,0343	45,8064
DSLAM-2125	206	16,0149	45,6635
DSLAM-2126	320	15,9391	45,9051
DSLAM-2127	237	15,9251	45,6472
DSLAM-2128	185	16,0758	45,4801
DSLAM-2129	390	15,826	45,9841
DSLAM-2130	321	15,7312	45,718
DSLAM-2131	131	16,204	45,6882
DSLAM-2132	74	16,4036	45,9751
DSLAM-2133	336	16,2048	45,6823
DSLAM-2134	99	15,5721	46,1094
DSLAM-2135	211	16,2986	45,5041
DSLAM-2136	275	16,113	45,6249
DSLAM-2137	46	15,7251	46,0003
DSLAM-2138	138	15,876	45,559
DSLAM-2139	75	15,9122	45,7614
DSLAM-2140	307	16,0309	46,0088
DSLAM-2141	329	16,3075	45,5561
DSLAM-2142	147	16,5262	45,9495
DSLAM-2143	108	16,508	45,8123
DSLAM-2144	157	15,8932	45,6627
DSLAM-2145	191	17,7535	45,4617
DSLAM-2146	138	17,464	45,7648
DSLAM-2147	272	17,6566	45,7152
DSLAM-2148	235	17,9534	45,7674
DSLAM-2149	223	17,7045	45,7103
DSLAM-2150	121	17,9892	45,4391
DSLAM-2151	335	17,5712	45,7911
DSLAM-2152	125	17,4983	45,6673
DSLAM-2153	150	17,5159	45,6334
DSLAM-2154	394	17,7631	45,7557
DSLAM-2155	295	17,3582	45,8198
DSLAM-2156	354	17,3849	45,6186
DSLAM-2157	353	17,6896	45,8041
DSLAM-2158	214	17,2979	45,8134
DSLAM-2159	179	17,4798	45,7169
DSLAM-2160	224	17,8433	45,9606
DSLAM-2161	48	17,4127	46,0599
DSLAM-2162	323	17,4395	45,8287
DSLAM-2163	53	17,4511	45,9109
DSLAM-2164	172	17,3376	46,056
DSLAM-2165	109	17,2498	45,9075
DSLAM-2166	62	17,1643	45,8278
DSLAM-2167	338	18,1679	45,559
DSLAM-2168	242	17,6556	45,8281
DSLAM-2169	260	17,4752	45,7076
DSLAM-2170	331	17,5217	45,8388
DSLAM-2171	92	17,3245	45,689
DSLAM-2172	187	17,3745	46,0753
DSLAM-2173	164	17,9709	45,4876
DSLAM-2174	180	17,944	45,7373
DSLAM-2175	374	17,8262	45,828
DSLAM-2176	385	17,2667	45,8984
DSLAM-2177	150	15,8401	43,6959
DSLAM-2178	83	15,7581	43,8308
DSLAM-2179	307	15,9115	43,5713
DSLAM-2180	356	16,1881	43,7142
DSLAM-2181	116	16,1354	43,7844
DSLAM-2182	82	16,3446	43,8243
DSLAM-2183	95	15,926	43,5697
DSLAM-2184	318	15,8606	43,8015
DSLAM-2185	380	16,1335	43,5369
DSLAM-2186	108	16,5698	44,0948
DSLAM-2187	138	16,3721	44,1456
DSLAM-2188	283	16,481	43,7494
DSLAM-2189	136	16,4781	43,7138
DSLAM-2190	266	16,3572	43,9685
DSLAM-2191	322	15,9015	43,5616
DSLAM-2192	188	15,6585	43,624
DSLAM-2193	364	15,8923	43,8369
DSLAM-2194	131	15,7814	43,5691
DSLAM-2195	139	15,6136	43,7163
DSLAM-2196	57	15,7448	43,8577
DSLAM-2197	178	16,3267	43,8571
DSLAM-2198	129	15,9441	43,954
DSLAM-2199	91	16,1986	43,8681
DSLAM-2200	286	16,1325	43,9228
DSLAM-2201	376	15,7128	45,6747
DSLAM-2202	142	16,5308	45,5704
DSLAM-2203	154	16,2161	45,7335
DSLAM-2204	299	15,7936	45,7333
DSLAM-2205	309	15,8746	45,789
DSLAM-2206	338	15,8636	45,7657
DSLAM-2207	355	16,1773	45,7189
DSLAM-2208	147	15,7635	45,6161
DSLAM-2209	210	16,0201	45,6852
DSLAM-2210	290	15,4737	45,8983
DSLAM-2211	359	15,6133	45,577
DSLAM-2212	41	15,9696	45,8448
DSLAM-2213	300	15,901	45,9661
DSLAM-2214	353	15,7197	45,7609
DSLAM-2215	187	16,2774	45,6762
DSLAM-2216	284	15,7485	45,8072
DSLAM-2217	335	16,3526	45,8618
DSLAM-2218	77	16,1387	45,7349
DSLAM-2219	219	15,9219	45,7033
DSLAM-2220	57	16,1722	45,8515
DSLAM-2221	335	15,8853	45,6754
DSLAM-986	168	17,0023	43,4775
DSLAM-987	191	16,7045	43,5615
DSLAM-988	323	17,2255	43,5194
DSLAM-989	287	16,948	43,3734
DSLAM-990	158	16,3914	43,8066
DSLAM-991	280	16,0318	43,7119
DSLAM-992	306	16,8149	43,2133
DSLAM-993	133	16,5947	43,5631
DSLAM-994	227	17,2444	43,635
DSLAM-995	58	16,4592	43,5637
DSLAM-996	287	16,2389	43,4021
DSLAM-997	281	16,8811	43,4755
DSLAM-998	264	16,5627	43,1706
DSLAM-999	202	16,2624	43,4369
DSLAM-1000	345	16,512	43,4938
DSLAM-1001	308	16,5915	43,8392
DSLAM-1002	308	16,5224	43,4295
DSLAM-1003	138	17,1244	43,4504
DSLAM-1004	180	16,9255	43,2344
DSLAM-1005	246	16,6675	43,8761
DSLAM-1006	315	16,2717	43,8262
DSLAM-1007	224	16,1261	43,3502
DSLAM-1008	55	16,9749	43,5766
DSLAM-1009	103	16,3209	43,4791
DSLAM-1010	207	17,1266	43,367
DSLAM-1011	181	16,6663	43,4494
DSLAM-1012	44	16,2506	43,3232
DSLAM-1013	284	17,3018	43,2436
DSLAM-1014	124	16,445	43,2189
DSLAM-1015	262	16,5387	43,0659
DSLAM-1016	316	16,1603	43,3483
DSLAM-1017	107	16,5793	43,7307
DSLAM-1018	296	16,7835	43,0743
DSLAM-1019	175	16,6293	43,5821
DSLAM-1020	382	16,6002	43,5028
DSLAM-1021	212	16,3643	43,7704
DSLAM-1022	180	16,8816	43,4065
DSLAM-1023	366	16,6879	43,5915
DSLAM-1024	253	16,4407	43,5222
DSLAM-1025	258	16,5711	43,4004
DSLAM-1026	73	16,2792	43,5357
DSLAM-1027	68	16,1527	43,4267
DSLAM-1028	208	16,8459	43,5542
DSLAM-1029	366	16,5767	43,8896
DSLAM-1030	341	16,5546	43,8026
DSLAM-1031	363	16,3165	43,4907
DSLAM-1032	276	16,353	43,3125
DSLAM-1033	256	16,7711	43,5493
DSLAM-1034	95	17,5464	43,2511
DSLAM-1035	265	16,3683	43,244
DSLAM-1036	287	16,9229	43,2802
DSLAM-1037	253	16,7608	43,6245
DSLAM-1038	357	16,4076	43,0191
DSLAM-1039	133	16,5816	43,5596
DSLAM-1040	221	16,6913	43,5094
DSLAM-1041	386	16,3697	43,5168
DSLAM-1042	255	17,167	43,0473
DSLAM-1043	334	17,0278	43,5225
DSLAM-1044	247	17,1129	43,1986
DSLAM-1045	275	16,7356	43,448
DSLAM-1046	73	16,5413	43,3474
DSLAM-1047	308	16,7601	43,5512
DSLAM-1048	323	16,1577	42,9077
DSLAM-1049	317	16,289	42,9313
DSLAM-1050	129	17,0211	42,9782
DSLAM-1051	382	16,0555	45,8752
DSLAM-1052	72	15,9873	45,7478
DSLAM-1053	43	16,0757	45,6235
DSLAM-1054	121	15,9794	45,9267
DSLAM-1055	225	16,6608	46,0258
DSLAM-1056	198	15,8908	45,9742
DSLAM-1057	199	15,9405	45,9828
DSLAM-1058	46	16,0692	45,6604
DSLAM-1059	244	16,0593	45,9102
DSLAM-1060	178	16,2032	45,9669
DSLAM-1061	398	15,9751	45,7
DSLAM-1062	365	15,9698	45,7033
DSLAM-1063	164	15,916	45,7205
DSLAM-1064	137	15,7953	45,7485
DSLAM-1065	210	15,6896	45,8511
DSLAM-1066	125	16,5394	45,5756
DSLAM-1067	287	16,0263	45,8395
DSLAM-1068	390	15,8203	45,6453
DSLAM-1069	123	15,9712	45,79
DSLAM-1070	111	15,9922	45,8818
DSLAM-1071	78	15,9709	45,6566
DSLAM-1072	366	15,7532	45,6555
DSLAM-1073	125	16,1257	45,8865
DSLAM-1074	131	16,0552	45,7422
DSLAM-1075	146	15,8241	45,5756
DSLAM-1076	92	16,1281	45,9355
DSLAM-1077	361	16,156	45,9326
DSLAM-1078	345	16,2016	45,992
DSLAM-1079	218	15,8676	45,9558
DSLAM-1080	353	15,6048	45,7635
DSLAM-1081	337	16,2707	45,8635
DSLAM-1082	187	15,7887	45,7582
DSLAM-1083	256	16,1346	45,7449
DSLAM-1084	97	16,0732	45,7005
DSLAM-1085	121	16,2155	45,7742
DSLAM-1086	118	16,0144	45,8678
DSLAM-1087	135	15,7347	45,8154
DSLAM-1088	241	15,934	45,767
DSLAM-1089	190	15,8385	45,8738
DSLAM-1090	109	16,3617	45,9169
DSLAM-1091	290	16,2073	45,8579
DSLAM-1092	276	16,134	45,6831
DSLAM-1093	162	15,6375	45,6255
DSLAM-1094	89	16,2834	45,9399
DSLAM-1095	175	16,0622	45,8168
DSLAM-1096	268	15,9086	45,7357
DSLAM-1097	235	15,8844	45,5904
DSLAM-1098	197	16,2641	45,7999
DSLAM-1099	370	16,1496	45,7536
DSLAM-1100	72	16,1034	45,6633
DSLAM-1101	96	16,0172	45,9952
DSLAM-1102	317	15,9146	45,8075
DSLAM-1103	335	15,7683	46,0746
DSLAM-1104	287	15,8356	45,6797
DSLAM-1105	371	15,683	45,8024
DSLAM-1106	270	16,2797	45,6428
DSLAM-1107	271	16,2	45,6302
DSLAM-1108	206	15,2483	45,9515
DSLAM-1109	62	15,9233	45,7346
DSLAM-1110	220	16,1018	45,7453
DSLAM-1111	280	16,0288	45,8328
DSLAM-1112	83	16,2825	45,748
DSLAM-1113	85	15,7916	45,7489
DSLAM-1114	106	15,424	45,7285
DSLAM-1115	213	17,0427	45,2856
DSLAM-1116	320	18,168	45,4143
DSLAM-1117	381	17,3959	45,4578
DSLAM-1118	46	17,5689	45,5787
DSLAM-1119	321	17,6699	45,5446
DSLAM-1120	174	17,1769	45,6327
DSLAM-1121	265	17,6262	45,6233
DSLAM-1122	352	17,3647	45,46
DSLAM-1123	77	17,7355	45,4474
DSLAM-1124	159	17,5907	45,4146
DSLAM-1125	171	17,1528	45,5483
DSLAM-1126	153	17,7119	45,3998
DSLAM-1127	330	17,1964	45,5559
DSLAM-1128	42	17,5475	45,4866
DSLAM-1129	253	17,6521	45,33
DSLAM-1130	380	17,9895	45,1255
DSLAM-1131	144	17,8715	45,2353
DSLAM-1132	102	16,9215	45,6143
DSLAM-1133	101	17,4814	45,5317
DSLAM-1134	310	17,8039	45,3059
DSLAM-1135	299	17,7295	45,4581
DSLAM-1136	332	16,9687	45,3272
DSLAM-1137	112	17,8756	45,4204
DSLAM-1138	346	17,632	45,4344
DSLAM-1139	392	17,9011	45,226
DSLAM-1140	280	18,1651	45,5535
DSLAM-1141	42	17,8708	45,0676
DSLAM-1142	344	17,5186	45,3138
DSLAM-1143	181	17,2278	45,4414
DSLAM-1144	184	17,1282	45,4131
DSLAM-1145	260	17,6844	45,5453
DSLAM-1146	144	18,5309	45,6824
DSLAM-1147	289	18,9043	45,7154
DSLAM-1148	82	18,6344	45,5144
DSLAM-1149	179	18,5498	45,4731
DSLAM-1150	216	18,7407	45,4103
DSLAM-1151	87	18,4863	45,8002
DSLAM-1152	144	18,0287	45,8834
DSLAM-1153	306	18,4616	45,6781
DSLAM-1154	289	18,1264	45,726
DSLAM-1155	145	18,569	45,5059
DSLAM-1156	149	18,7421	45,5939
DSLAM-1157	58	18,7267	45,7445
DSLAM-1158	328	18,7499	45,6437
DSLAM-1159	152	18,9268	45,7471
DSLAM-1160	78	18,6191	45,9369
DSLAM-1161	49	18,4113	45,1981
DSLAM-1162	248	18,6968	45,4698
DSLAM-1163	161	18,5006	45,2939
DSLAM-1164	104	18,5478	45,7435
DSLAM-1165	299	18,8475	45,5422
DSLAM-1166	129	18,7457	45,7989
DSLAM-1167	143	18,1394	45,4784
DSLAM-1168	241	18,0372	45,9006
DSLAM-1169	394	18,2329	45,3545
DSLAM-1170	310	18,1523	45,6854
DSLAM-1171	374	18,1519	45,3678
DSLAM-1172	235	18,3711	45,5506
DSLAM-1173	167	18,3447	45,095
DSLAM-1174	366	18,8008	45,2172
DSLAM-1175	79	18,1499	45,4685
DSLAM-1176	355	18,0827	45,2751
DSLAM-1177	107	15,4759	45,8363
DSLAM-1178	293	15,5606	45,8506
DSLAM-1179	195	16,1845	45,9693
DSLAM-1180	142	16,045	45,9703
DSLAM-1181	301	16,3293	45,9207
DSLAM-1182	105	15,9891	45,5323
DSLAM-1183	296	15,4375	45,646
DSLAM-1184	133	16,5457	45,5897
DSLAM-1185	71	16,128	45,8075
DSLAM-1186	371	15,7851	45,6953
DSLAM-1187	78	15,9746	45,68
DSLAM-1188	84	15,6527	45,7736
DSLAM-1189	343	15,9785	45,7972
DSLAM-1190	113	16,3345	45,8598
DSLAM-1191	239	16,1606	45,8712
DSLAM-1192	371	15,8626	45,9697
DSLAM-1193	388	16,2287	45,8267
DSLAM-1194	294	15,9718	45,8585
DSLAM-1195	62	15,7806	45,5138
DSLAM-1196	80	16,1515	45,7187
DSLAM-1197	399	15,472	45,6703
DSLAM-1198	337	16,0291	45,7644
DSLAM-1199	158	16,5958	45,9659
DSLAM-1200	212	15,8992	45,8389
DSLAM-1201	204	16,1024	45,8647
DSLAM-1202	337	15,8223	45,8127
DSLAM-1203	263	15,8305	45,8113
DSLAM-1204	234	15,7306	45,8022
DSLAM-1205	253	15,9959	45,6248
DSLAM-1206	194	15,751	45,7941
DSLAM-1207	347	17,7897	45,3783
DSLAM-1208	135	17,7041	45,0323
DSLAM-1209	200	17,6357	45,097
DSLAM-1210	354	17,9366	45,3857
DSLAM-1211	253	17,9462	45,0843
DSLAM-1212	129	18,1189	45,0346
DSLAM-1213	60	17,1973	45,2505
DSLAM-1214	187	18,1009	45,3108
DSLAM-1215	369	17,5489	45,0178
DSLAM-1216	340	17,4993	44,9936
DSLAM-1217	180	18,345	44,9234
DSLAM-1218	386	18,0055	45,0419
DSLAM-1219	349	18,372	45,3299
DSLAM-1220	320	17,3573	45,1798
DSLAM-1221	396	17,5985	45,1722
DSLAM-1222	83	17,3853	45,3443
DSLAM-1223	228	17,7916	45,0974
DSLAM-1224	59	17,9599	44,9573
DSLAM-1225	399	18,185	45,1986
DSLAM-1226	46	17,4051	45,2947
DSLAM-1227	91	18,2093	44,9799
DSLAM-1228	375	17,4157	45,3819
DSLAM-1229	224	17,8463	45,1905
DSLAM-1230	128	18,3304	44,9611
DSLAM-1231	185	18,6932	45,7747
DSLAM-1232	249	18,1436	45,6654
DSLAM-1233	274	18,4325	45,6203
DSLAM-1234	79	18,3498	45,1665
DSLAM-1235	74	18,3308	45,7866
DSLAM-1236	97	18,0444	45,4907
DSLAM-1237	101	17,951	45,305
DSLAM-1238	47	18,7577	45,7444
DSLAM-1239	252	18,4391	45,2614
DSLAM-1240	374	18,6046	45,5351
DSLAM-1241	292	18,7	45,4449
DSLAM-1242	180	18,1196	45,5632
DSLAM-1243	143	18,1886	45,502
DSLAM-1244	227	18,7756	45,6772
DSLAM-1245	123	15,9295	45,6381
DSLAM-1246	160	16,3762	45,7306
DSLAM-1247	216	15,6925	45,922
DSLAM-1248	293	16,0939	45,5132
DSLAM-1249	311	16,361	45,7876
DSLAM-1250	124	16,4477	45,6804
DSLAM-1251	78	16,3778	45,7375
DSLAM-1252	309	15,9907	45,7771
DSLAM-1253	48	16,53	45,9056
DSLAM-1254	162	16,2122	45,7926
DSLAM-1255	42	15,7744	46,0195
DSLAM-1256	114	16,3356	45,905
DSLAM-1257	348	16,0377	45,7552
DSLAM-1258	218	15,8269	45,6936
DSLAM-1259	250	17,5316	45,1903
DSLAM-1260	380	18,1018	45,0265
DSLAM-1261	325	17,8371	45,0996
DSLAM-1262	178	17,3351	45,3633
DSLAM-1263	395	18,1771	45,0537
DSLAM-1264	299	17,5474	45,2514
DSLAM-1265	337	17,9248	45,3276
DSLAM-1266	51	17,6537	45,2296
DSLAM-1267	75	18,133	45,1787
DSLAM-1268	245	18,1315	44,9579
DSLAM-1269	380	17,2451	45,2449
DSLAM-1270	183	17,4854	45,3134
DSLAM-1271	380	17,3843	45,1594
DSLAM-1272	374	17,6616	45,0541
DSLAM-1273	291	17,3727	45,3883
DSLAM-1274	325	16,536	46,2557
DSLAM-1275	121	16,3734	46,4219
DSLAM-1276	53	16,5401	46,4032
DSLAM-1277	262	16,4547	46,3557
DSLAM-1278	153	18,6153	45,7825
DSLAM-1279	61	18,6181	45,6745
DSLAM-1280	392	18,4996	45,6791
DSLAM-1281	101	18,7626	45,5102
DSLAM-1282	286	18,492	45,1993
DSLAM-1283	312	18,1997	45,8474
DSLAM-1284	368	18,223	45,6531
DSLAM-1285	358	18,8157	45,6729
DSLAM-1286	219	17,7997	45,639
DSLAM-1287	170	18,4848	45,6005
DSLAM-1288	257	18,7749	45,9397
DSLAM-1289	166	18,22	45,4215
DSLAM-1290	157	18,0779	45,1882
DSLAM-1291	336	18,2339	45,4225
DSLAM-1292	246	18,397	45,643
DSLAM-1293	254	18,2999	45,8989
DSLAM-1294	367	18,6028	45,5481
DSLAM-1295	181	18,8321	45,3817
DSLAM-1296	377	18,4884	45,6557
DSLAM-1297	297	18,3186	45,5326
DSLAM-1298	66	18,6025	44,9408
DSLAM-1299	385	19,0279	44,8005
DSLAM-1300	131	15,5132	45,5324
DSLAM-1301	85	15,9565	45,4983
DSLAM-1302	312	15,8702	45,4616
DSLAM-1303	246	15,8162	45,943
DSLAM-1304	168	16,0825	45,5986
DSLAM-1305	280	15,5371	45,6982
DSLAM-1306	148	15,9038	45,5777
DSLAM-1307	347	15,7875	45,767
DSLAM-1308	181	16,1417	45,7095
DSLAM-1309	158	15,7341	45,8985
DSLAM-1310	213	15,9271	45,6881
DSLAM-1311	362	16,1752	45,9079
DSLAM-1312	308	16,113	46,0744
DSLAM-1313	178	16,1171	45,8444
DSLAM-1314	212	15,9875	45,8046
DSLAM-1315	43	15,8241	45,6567
DSLAM-1316	258	16,4408	46,1685
